##########################################################################################
### MCD_v6.1 with climatology average solar scenario.
### Ls 100.0deg. Altitude 5.0 m ALS. Local time 12.0h (at longitude 0) 
### --------------------------------------------------------------------------------------
### Column 1 is East longitude (degrees)
### Columns 2+ are Temperature (K)
### Line 1 is North latitude (degrees)
### --------------------------------------------------------------------------------------
### Retrieved on: 2023-09-20T17:33:20.176646
### Mars Climate Database (c) LMD/OU/IAA/ESA/CNES
##########################################################################################
---- ||   -9.00000e+01   -8.61702e+01   -8.23404e+01   -7.85106e+01   -7.46809e+01   -7.08511e+01   -6.70213e+01   -6.31915e+01   -5.93617e+01   -5.55319e+01   -5.17021e+01   -4.78723e+01   -4.40426e+01   -4.02128e+01   -3.63830e+01   -3.25532e+01   -2.87234e+01   -2.48936e+01   -2.10638e+01   -1.72340e+01   -1.34043e+01   -9.57447e+00   -5.74468e+00   -1.91489e+00    1.91489e+00    5.74468e+00    9.57447e+00    1.34043e+01    1.72340e+01    2.10638e+01    2.48936e+01    2.87234e+01    3.25532e+01    3.63830e+01    4.02128e+01    4.40426e+01    4.78723e+01    5.17021e+01    5.55319e+01    5.93617e+01    6.31915e+01    6.70213e+01    7.08511e+01    7.46809e+01    7.85106e+01    8.23404e+01    8.61702e+01    9.00000e+01
-----------------------------------
-180 ||    1.41168e+02    1.41459e+02    1.41828e+02    1.42630e+02    1.43681e+02    1.44823e+02    1.45194e+02    1.45299e+02    1.45701e+02    1.46145e+02    1.47265e+02    1.49476e+02    1.53713e+02    1.59924e+02    1.64878e+02    1.68977e+02    1.72526e+02    1.75493e+02    1.77904e+02    1.80746e+02    1.78142e+02    1.69799e+02    1.69723e+02    1.73278e+02    1.72636e+02    1.74231e+02    1.77464e+02    1.78725e+02    1.79332e+02    1.78071e+02    1.76005e+02    1.76003e+02    1.86094e+02    1.97945e+02    2.01168e+02    2.01679e+02    2.03739e+02    2.06841e+02    2.09810e+02    2.08669e+02    2.05260e+02    2.04180e+02    2.04502e+02    2.13154e+02    2.15815e+02    2.09422e+02    2.08697e+02    2.01368e+02
-174 ||    1.41168e+02    1.41467e+02    1.41804e+02    1.42561e+02    1.43644e+02    1.44871e+02    1.45152e+02    1.45192e+02    1.45511e+02    1.46219e+02    1.47309e+02    1.49798e+02    1.53568e+02    1.59521e+02    1.64392e+02    1.68245e+02    1.71949e+02    1.75118e+02    1.76983e+02    1.79599e+02    1.78904e+02    1.68824e+02    1.66401e+02    1.70603e+02    1.71292e+02    1.72978e+02    1.76437e+02    1.77944e+02    1.77858e+02    1.76862e+02    1.75245e+02    1.75202e+02    1.81145e+02    1.91376e+02    1.97086e+02    1.99212e+02    2.01223e+02    2.04096e+02    2.06958e+02    2.06383e+02    2.03872e+02    2.02958e+02    2.03182e+02    2.08590e+02    2.13457e+02    2.09405e+02    2.07153e+02    2.01368e+02
-168 ||    1.41168e+02    1.41555e+02    1.41830e+02    1.42556e+02    1.43717e+02    1.45046e+02    1.45521e+02    1.45503e+02    1.45625e+02    1.46118e+02    1.46991e+02    1.49635e+02    1.53666e+02    1.58633e+02    1.63415e+02    1.68345e+02    1.71379e+02    1.74051e+02    1.76734e+02    1.78528e+02    1.77935e+02    1.72598e+02    1.66766e+02    1.67962e+02    1.69644e+02    1.71604e+02    1.74318e+02    1.76485e+02    1.78114e+02    1.76522e+02    1.74293e+02    1.74813e+02    1.76930e+02    1.85672e+02    1.93349e+02    1.96795e+02    1.98833e+02    2.01191e+02    2.02301e+02    2.03338e+02    2.02149e+02    2.00781e+02    2.01567e+02    2.05480e+02    2.13076e+02    2.08775e+02    2.07194e+02    2.01368e+02
-162 ||    1.41168e+02    1.41562e+02    1.41874e+02    1.42650e+02    1.43944e+02    1.45117e+02    1.45767e+02    1.45985e+02    1.45491e+02    1.45770e+02    1.47291e+02    1.49998e+02    1.53435e+02    1.59004e+02    1.63794e+02    1.65626e+02    1.69189e+02    1.72968e+02    1.73727e+02    1.71446e+02    1.67142e+02    1.61586e+02    1.61877e+02    1.66365e+02    1.69540e+02    1.71584e+02    1.73717e+02    1.76144e+02    1.77995e+02    1.76640e+02    1.75372e+02    1.76077e+02    1.78143e+02    1.87630e+02    1.93324e+02    1.95066e+02    1.96359e+02    1.98599e+02    2.00432e+02    2.01242e+02    1.99826e+02    1.98187e+02    1.99998e+02    2.05142e+02    2.13310e+02    2.09220e+02    2.07019e+02    2.01368e+02
-157 ||    1.41168e+02    1.41544e+02    1.41862e+02    1.42691e+02    1.44102e+02    1.45043e+02    1.45941e+02    1.46173e+02    1.45703e+02    1.46115e+02    1.47603e+02    1.50578e+02    1.54164e+02    1.58495e+02    1.63412e+02    1.65928e+02    1.68952e+02    1.70591e+02    1.70182e+02    1.67964e+02    1.63578e+02    1.61846e+02    1.66363e+02    1.75499e+02    1.77779e+02    1.76106e+02    1.77748e+02    1.78973e+02    1.79804e+02    1.78199e+02    1.75351e+02    1.74197e+02    1.75181e+02    1.83455e+02    1.90957e+02    1.93451e+02    1.93948e+02    1.94092e+02    1.97065e+02    1.98838e+02    1.97249e+02    1.96545e+02    1.98865e+02    2.03760e+02    2.12836e+02    2.09446e+02    2.06677e+02    2.01368e+02
-151 ||    1.41168e+02    1.41499e+02    1.41834e+02    1.42725e+02    1.44011e+02    1.44565e+02    1.45601e+02    1.46129e+02    1.45893e+02    1.45978e+02    1.47317e+02    1.49587e+02    1.52185e+02    1.57334e+02    1.60313e+02    1.64393e+02    1.67474e+02    1.68870e+02    1.67773e+02    1.63107e+02    1.57724e+02    1.59293e+02    1.62971e+02    1.64007e+02    1.67086e+02    1.71365e+02    1.77170e+02    1.81810e+02    1.83007e+02    1.81863e+02    1.77620e+02    1.73670e+02    1.70663e+02    1.73270e+02    1.79527e+02    1.86884e+02    1.89496e+02    1.89746e+02    1.92567e+02    1.95741e+02    1.94454e+02    1.94782e+02    1.98146e+02    2.02679e+02    2.12312e+02    2.10190e+02    2.05717e+02    2.01368e+02
-145 ||    1.41168e+02    1.41429e+02    1.41784e+02    1.42789e+02    1.44088e+02    1.44741e+02    1.45094e+02    1.45954e+02    1.45759e+02    1.46258e+02    1.47740e+02    1.50055e+02    1.52148e+02    1.57328e+02    1.60446e+02    1.62798e+02    1.64524e+02    1.65932e+02    1.64644e+02    1.58413e+02    1.54347e+02    1.57872e+02    1.62541e+02    1.64874e+02    1.70616e+02    1.77722e+02    1.79508e+02    1.81512e+02    1.85070e+02    1.85326e+02    1.80507e+02    1.75422e+02    1.69503e+02    1.67540e+02    1.70294e+02    1.79326e+02    1.84752e+02    1.85848e+02    1.88389e+02    1.92920e+02    1.92115e+02    1.93786e+02    1.97692e+02    2.03709e+02    2.11678e+02    2.09898e+02    2.04969e+02    2.01368e+02
-140 ||    1.41168e+02    1.41302e+02    1.41721e+02    1.42726e+02    1.44049e+02    1.44912e+02    1.44931e+02    1.45542e+02    1.45760e+02    1.46214e+02    1.47821e+02    1.49905e+02    1.52424e+02    1.57954e+02    1.60787e+02    1.64830e+02    1.66199e+02    1.66346e+02    1.62527e+02    1.56471e+02    1.54063e+02    1.56701e+02    1.62836e+02    1.64480e+02    1.66823e+02    1.73624e+02    1.78136e+02    1.84460e+02    1.89417e+02    1.86307e+02    1.74115e+02    1.66416e+02    1.68167e+02    1.74952e+02    1.70847e+02    1.73182e+02    1.80412e+02    1.83804e+02    1.86443e+02    1.89847e+02    1.90257e+02    1.93469e+02    1.97588e+02    2.04861e+02    2.13370e+02    2.10221e+02    2.05626e+02    2.01368e+02
-134 ||    1.41168e+02    1.41142e+02    1.41618e+02    1.42657e+02    1.44000e+02    1.44772e+02    1.44918e+02    1.45186e+02    1.45709e+02    1.46528e+02    1.48468e+02    1.50300e+02    1.51426e+02    1.54859e+02    1.58941e+02    1.65295e+02    1.67601e+02    1.66891e+02    1.61573e+02    1.56031e+02    1.56049e+02    1.57506e+02    1.62666e+02    1.67358e+02    1.73899e+02    1.79473e+02    1.82252e+02    1.87773e+02    1.83973e+02    1.86498e+02    1.80451e+02    1.68017e+02    1.63261e+02    1.67254e+02    1.66872e+02    1.69350e+02    1.77917e+02    1.82521e+02    1.85129e+02    1.86964e+02    1.88507e+02    1.93193e+02    1.97960e+02    2.05909e+02    2.12591e+02    2.09790e+02    2.05701e+02    2.01368e+02
-128 ||    1.41168e+02    1.40992e+02    1.41504e+02    1.42636e+02    1.44097e+02    1.45071e+02    1.45051e+02    1.45227e+02    1.45311e+02    1.45760e+02    1.47293e+02    1.49557e+02    1.50177e+02    1.54881e+02    1.59963e+02    1.63701e+02    1.66710e+02    1.69051e+02    1.69385e+02    1.66934e+02    1.64890e+02    1.65203e+02    1.69534e+02    1.72689e+02    1.73794e+02    1.75733e+02    1.76373e+02    1.81268e+02    1.86724e+02    1.86969e+02    1.74742e+02    1.65012e+02    1.65630e+02    1.65203e+02    1.66760e+02    1.68946e+02    1.76937e+02    1.80912e+02    1.83762e+02    1.86296e+02    1.88932e+02    1.93916e+02    1.99138e+02    2.09928e+02    2.13822e+02    2.10927e+02    2.06731e+02    2.01368e+02
-122 ||    1.41168e+02    1.41010e+02    1.41380e+02    1.42660e+02    1.44111e+02    1.45052e+02    1.45150e+02    1.45210e+02    1.45396e+02    1.45836e+02    1.46633e+02    1.48008e+02    1.49472e+02    1.53799e+02    1.59836e+02    1.63250e+02    1.66745e+02    1.71797e+02    1.75646e+02    1.74747e+02    1.68587e+02    1.64748e+02    1.71353e+02    1.75608e+02    1.76874e+02    1.80903e+02    1.80433e+02    1.75898e+02    1.76058e+02    1.73550e+02    1.68422e+02    1.61727e+02    1.59468e+02    1.63997e+02    1.73402e+02    1.78428e+02    1.78796e+02    1.79992e+02    1.82787e+02    1.86813e+02    1.90663e+02    1.95470e+02    2.00315e+02    2.08615e+02    2.13081e+02    2.10738e+02    2.06771e+02    2.01368e+02
-117 ||    1.41168e+02    1.41506e+02    1.41327e+02    1.42586e+02    1.44081e+02    1.44946e+02    1.44957e+02    1.45172e+02    1.45485e+02    1.45899e+02    1.46931e+02    1.48523e+02    1.49433e+02    1.54450e+02    1.59815e+02    1.62821e+02    1.65929e+02    1.69012e+02    1.70179e+02    1.67610e+02    1.63831e+02    1.60711e+02    1.61215e+02    1.69493e+02    1.76340e+02    1.77006e+02    1.76093e+02    1.75533e+02    1.74319e+02    1.70706e+02    1.64335e+02    1.58434e+02    1.61177e+02    1.71117e+02    1.77341e+02    1.81988e+02    1.80911e+02    1.81304e+02    1.83425e+02    1.87665e+02    1.92155e+02    1.97288e+02    2.02211e+02    2.09482e+02    2.15501e+02    2.10575e+02    2.05995e+02    2.01368e+02
-111 ||    1.41168e+02    1.41268e+02    1.41350e+02    1.42455e+02    1.43918e+02    1.44895e+02    1.45147e+02    1.45325e+02    1.45609e+02    1.46188e+02    1.48225e+02    1.50555e+02    1.50448e+02    1.55237e+02    1.60152e+02    1.63934e+02    1.66798e+02    1.69069e+02    1.70270e+02    1.67846e+02    1.64709e+02    1.63520e+02    1.63426e+02    1.66804e+02    1.74502e+02    1.79648e+02    1.81089e+02    1.78391e+02    1.72978e+02    1.68735e+02    1.64149e+02    1.60105e+02    1.61342e+02    1.63529e+02    1.61771e+02    1.74655e+02    1.80715e+02    1.82628e+02    1.84707e+02    1.88522e+02    1.93402e+02    1.98595e+02    2.03741e+02    2.10514e+02    2.14882e+02    2.10485e+02    2.04667e+02    2.01368e+02
-105 ||    1.41168e+02    1.41160e+02    1.41373e+02    1.42309e+02    1.43869e+02    1.44906e+02    1.45274e+02    1.45393e+02    1.45539e+02    1.46385e+02    1.48069e+02    1.49839e+02    1.51476e+02    1.56564e+02    1.61933e+02    1.64790e+02    1.66467e+02    1.69848e+02    1.71947e+02    1.71077e+02    1.68437e+02    1.65696e+02    1.64391e+02    1.65607e+02    1.68180e+02    1.74724e+02    1.79520e+02    1.80699e+02    1.77632e+02    1.67967e+02    1.63183e+02    1.59157e+02    1.60365e+02    1.65477e+02    1.66496e+02    1.81549e+02    1.84069e+02    1.84492e+02    1.87168e+02    1.89943e+02    1.94937e+02    2.00174e+02    2.04946e+02    2.12084e+02    2.17266e+02    2.10638e+02    2.04105e+02    2.01368e+02
-100 ||    1.41168e+02    1.41174e+02    1.41356e+02    1.42140e+02    1.43700e+02    1.44862e+02    1.45397e+02    1.45583e+02    1.45772e+02    1.47276e+02    1.49839e+02    1.51371e+02    1.53361e+02    1.58913e+02    1.60529e+02    1.65647e+02    1.67870e+02    1.71952e+02    1.74374e+02    1.74449e+02    1.71848e+02    1.67757e+02    1.67432e+02    1.67533e+02    1.67840e+02    1.72071e+02    1.76503e+02    1.79685e+02    1.76840e+02    1.68994e+02    1.65749e+02    1.60273e+02    1.57482e+02    1.68401e+02    1.73377e+02    1.77656e+02    1.80926e+02    1.87484e+02    1.91687e+02    1.94070e+02    1.97845e+02    2.02744e+02    2.07180e+02    2.12294e+02    2.18106e+02    2.11111e+02    2.03224e+02    2.01368e+02
-094 ||    1.41168e+02    1.41221e+02    1.41297e+02    1.41899e+02    1.43496e+02    1.44777e+02    1.45378e+02    1.45640e+02    1.46035e+02    1.46489e+02    1.47822e+02    1.50593e+02    1.56121e+02    1.60568e+02    1.56068e+02    1.61891e+02    1.67756e+02    1.72756e+02    1.75229e+02    1.75828e+02    1.76695e+02    1.76147e+02    1.75095e+02    1.72684e+02    1.69858e+02    1.72765e+02    1.75275e+02    1.75303e+02    1.72327e+02    1.70655e+02    1.73001e+02    1.67660e+02    1.62131e+02    1.63064e+02    1.68190e+02    1.74091e+02    1.84544e+02    1.93010e+02    1.96704e+02    1.99337e+02    2.02222e+02    2.05855e+02    2.09665e+02    2.14222e+02    2.19390e+02    2.12084e+02    2.03228e+02    2.01368e+02
-088 ||    1.41168e+02    1.41177e+02    1.41242e+02    1.41676e+02    1.43252e+02    1.44717e+02    1.45386e+02    1.45616e+02    1.45884e+02    1.46222e+02    1.47668e+02    1.50750e+02    1.55344e+02    1.59213e+02    1.57448e+02    1.62391e+02    1.68034e+02    1.72801e+02    1.74974e+02    1.75709e+02    1.77423e+02    1.79572e+02    1.77816e+02    1.73513e+02    1.72316e+02    1.72965e+02    1.75059e+02    1.76764e+02    1.74990e+02    1.73488e+02    1.73983e+02    1.69368e+02    1.72685e+02    1.74974e+02    1.80716e+02    1.81886e+02    1.90219e+02    1.97585e+02    2.00763e+02    2.03433e+02    2.06195e+02    2.08932e+02    2.12083e+02    2.16496e+02    2.20153e+02    2.13212e+02    2.03211e+02    2.01368e+02
-082 ||    1.41168e+02    1.41175e+02    1.41235e+02    1.41543e+02    1.42962e+02    1.44455e+02    1.45342e+02    1.45666e+02    1.46254e+02    1.46314e+02    1.47212e+02    1.49428e+02    1.53275e+02    1.59026e+02    1.59292e+02    1.62728e+02    1.67482e+02    1.71553e+02    1.73659e+02    1.74205e+02    1.77121e+02    1.81443e+02    1.81353e+02    1.80208e+02    1.79044e+02    1.76984e+02    1.76912e+02    1.77177e+02    1.75171e+02    1.74185e+02    1.78334e+02    1.77695e+02    1.78892e+02    1.79320e+02    1.87394e+02    1.93841e+02    1.98510e+02    2.02446e+02    2.05718e+02    2.07636e+02    2.09750e+02    2.11680e+02    2.14278e+02    2.18566e+02    2.20835e+02    2.13616e+02    2.02152e+02    2.01368e+02
-077 ||    1.41168e+02    1.41077e+02    1.41188e+02    1.41644e+02    1.42849e+02    1.44438e+02    1.45341e+02    1.45541e+02    1.46221e+02    1.46716e+02    1.47788e+02    1.50367e+02    1.52359e+02    1.56813e+02    1.60478e+02    1.62874e+02    1.66530e+02    1.69959e+02    1.72772e+02    1.75155e+02    1.80406e+02    1.86037e+02    1.88303e+02    1.87212e+02    1.85110e+02    1.84198e+02    1.82814e+02    1.83930e+02    1.83382e+02    1.83163e+02    1.90159e+02    1.91653e+02    1.88915e+02    1.90582e+02    1.92149e+02    2.03664e+02    2.07085e+02    2.07642e+02    2.10511e+02    2.12823e+02    2.13137e+02    2.13999e+02    2.16604e+02    2.20326e+02    2.20829e+02    2.13462e+02    2.02156e+02    2.01368e+02
-071 ||    1.41168e+02    1.41018e+02    1.41128e+02    1.41744e+02    1.42672e+02    1.44146e+02    1.45347e+02    1.45553e+02    1.46140e+02    1.46359e+02    1.47361e+02    1.49559e+02    1.52184e+02    1.56357e+02    1.59579e+02    1.63460e+02    1.67399e+02    1.70685e+02    1.73749e+02    1.79545e+02    1.86738e+02    1.88264e+02    1.88227e+02    1.86236e+02    1.89144e+02    1.94880e+02    1.94465e+02    1.94331e+02    1.94083e+02    1.91122e+02    1.90837e+02    1.93259e+02    1.98481e+02    2.04982e+02    2.04089e+02    2.08323e+02    2.09398e+02    2.10367e+02    2.14257e+02    2.18411e+02    2.16710e+02    2.16710e+02    2.19206e+02    2.21658e+02    2.21195e+02    2.12783e+02    2.02367e+02    2.01368e+02
-065 ||    1.41168e+02    1.41000e+02    1.41104e+02    1.41772e+02    1.42650e+02    1.43988e+02    1.45271e+02    1.45703e+02    1.46160e+02    1.46140e+02    1.47106e+02    1.49424e+02    1.53540e+02    1.56884e+02    1.60723e+02    1.66366e+02    1.70532e+02    1.72687e+02    1.76269e+02    1.81678e+02    1.87769e+02    1.90110e+02    1.91803e+02    1.91432e+02    1.91313e+02    1.94077e+02    1.96524e+02    1.98301e+02    1.99912e+02    2.01653e+02    2.02896e+02    2.01437e+02    2.02233e+02    2.04699e+02    2.07857e+02    2.11135e+02    2.13258e+02    2.14919e+02    2.18103e+02    2.21591e+02    2.20237e+02    2.19879e+02    2.21931e+02    2.23172e+02    2.21877e+02    2.11288e+02    2.02293e+02    2.01368e+02
-060 ||    1.41168e+02    1.41060e+02    1.41193e+02    1.41726e+02    1.42415e+02    1.43851e+02    1.45081e+02    1.45783e+02    1.46289e+02    1.47171e+02    1.47919e+02    1.49381e+02    1.53440e+02    1.58153e+02    1.62612e+02    1.68086e+02    1.72339e+02    1.76904e+02    1.81889e+02    1.86299e+02    1.89016e+02    1.92330e+02    1.94776e+02    1.95005e+02    1.95959e+02    1.98892e+02    2.00858e+02    2.03384e+02    2.05957e+02    2.07547e+02    2.08915e+02    2.10743e+02    2.13600e+02    2.11953e+02    2.13222e+02    2.15669e+02    2.17904e+02    2.19101e+02    2.21910e+02    2.24230e+02    2.23774e+02    2.23229e+02    2.24478e+02    2.24729e+02    2.22430e+02    2.11070e+02    2.02304e+02    2.01368e+02
-054 ||    1.41168e+02    1.41074e+02    1.41170e+02    1.41728e+02    1.42431e+02    1.43780e+02    1.44987e+02    1.45779e+02    1.46250e+02    1.47853e+02    1.49474e+02    1.50649e+02    1.54075e+02    1.60059e+02    1.64444e+02    1.70024e+02    1.74312e+02    1.79021e+02    1.86162e+02    1.93843e+02    1.95535e+02    1.97818e+02    1.99083e+02    2.00573e+02    2.02028e+02    2.04395e+02    2.06648e+02    2.09713e+02    2.12522e+02    2.15517e+02    2.16401e+02    2.16672e+02    2.18845e+02    2.18507e+02    2.18989e+02    2.20309e+02    2.21134e+02    2.22487e+02    2.25132e+02    2.26189e+02    2.26074e+02    2.26048e+02    2.26031e+02    2.25232e+02    2.22599e+02    2.12544e+02    2.02187e+02    2.01368e+02
-048 ||    1.41168e+02    1.41118e+02    1.41243e+02    1.41856e+02    1.42480e+02    1.43802e+02    1.45029e+02    1.45681e+02    1.46273e+02    1.47969e+02    1.49651e+02    1.50502e+02    1.53931e+02    1.61156e+02    1.66937e+02    1.72076e+02    1.77230e+02    1.81799e+02    1.88913e+02    1.98268e+02    2.00259e+02    2.00880e+02    2.01657e+02    2.03971e+02    2.05644e+02    2.08015e+02    2.11559e+02    2.14264e+02    2.14783e+02    2.16280e+02    2.17379e+02    2.19263e+02    2.20926e+02    2.21536e+02    2.22719e+02    2.23967e+02    2.24857e+02    2.26389e+02    2.27612e+02    2.27579e+02    2.27188e+02    2.27291e+02    2.27605e+02    2.26230e+02    2.22917e+02    2.14492e+02    2.02686e+02    2.01368e+02
-042 ||    1.41168e+02    1.41173e+02    1.41368e+02    1.41954e+02    1.42581e+02    1.43819e+02    1.45021e+02    1.45555e+02    1.46440e+02    1.48521e+02    1.49574e+02    1.50589e+02    1.54244e+02    1.61344e+02    1.67754e+02    1.74301e+02    1.79226e+02    1.84834e+02    1.90962e+02    1.99914e+02    2.03804e+02    2.02594e+02    2.04448e+02    2.07885e+02    2.09513e+02    2.12949e+02    2.15904e+02    2.16774e+02    2.17209e+02    2.19009e+02    2.20971e+02    2.23562e+02    2.25351e+02    2.26016e+02    2.26819e+02    2.27785e+02    2.28463e+02    2.29105e+02    2.29281e+02    2.28754e+02    2.28025e+02    2.28473e+02    2.28508e+02    2.27433e+02    2.22311e+02    2.14749e+02    2.04548e+02    2.01368e+02
-037 ||    1.41168e+02    1.41098e+02    1.41455e+02    1.41987e+02    1.42648e+02    1.43824e+02    1.44777e+02    1.45627e+02    1.46536e+02    1.48249e+02    1.49959e+02    1.51211e+02    1.55139e+02    1.62369e+02    1.68216e+02    1.75543e+02    1.81571e+02    1.86832e+02    1.92084e+02    1.99097e+02    2.05582e+02    2.04463e+02    2.05795e+02    2.10826e+02    2.13565e+02    2.16365e+02    2.17519e+02    2.17804e+02    2.19783e+02    2.22715e+02    2.24858e+02    2.26609e+02    2.27828e+02    2.28658e+02    2.29454e+02    2.30237e+02    2.30649e+02    2.30655e+02    2.30390e+02    2.29881e+02    2.29372e+02    2.29701e+02    2.29418e+02    2.28100e+02    2.21889e+02    2.12577e+02    2.06678e+02    2.01368e+02
-031 ||    1.41168e+02    1.41031e+02    1.41548e+02    1.42075e+02    1.42781e+02    1.43976e+02    1.44984e+02    1.45827e+02    1.46406e+02    1.47606e+02    1.49455e+02    1.51380e+02    1.56727e+02    1.64018e+02    1.69406e+02    1.77072e+02    1.85289e+02    1.89996e+02    1.94649e+02    1.97984e+02    2.03548e+02    2.08024e+02    2.09407e+02    2.12674e+02    2.15167e+02    2.16509e+02    2.18328e+02    2.20857e+02    2.23228e+02    2.25238e+02    2.27170e+02    2.28753e+02    2.29652e+02    2.30466e+02    2.31234e+02    2.31968e+02    2.32324e+02    2.32152e+02    2.31741e+02    2.31055e+02    2.30118e+02    2.30270e+02    2.30407e+02    2.28856e+02    2.21322e+02    2.10648e+02    2.08123e+02    2.01368e+02
-025 ||    1.41168e+02    1.40989e+02    1.41577e+02    1.42192e+02    1.42963e+02    1.43909e+02    1.44870e+02    1.45764e+02    1.46073e+02    1.47500e+02    1.48540e+02    1.51355e+02    1.58930e+02    1.66197e+02    1.72299e+02    1.79157e+02    1.87509e+02    1.93981e+02    1.98941e+02    2.03342e+02    2.07278e+02    2.12117e+02    2.14145e+02    2.15573e+02    2.17830e+02    2.19393e+02    2.20881e+02    2.22042e+02    2.23964e+02    2.26496e+02    2.28665e+02    2.30200e+02    2.31202e+02    2.32266e+02    2.33077e+02    2.34065e+02    2.33945e+02    2.33651e+02    2.33069e+02    2.32158e+02    2.30720e+02    2.30335e+02    2.30960e+02    2.29223e+02    2.20510e+02    2.08113e+02    2.09218e+02    2.01368e+02
-020 ||    1.41168e+02    1.40974e+02    1.41633e+02    1.42288e+02    1.43053e+02    1.43970e+02    1.44775e+02    1.45498e+02    1.45890e+02    1.47362e+02    1.48640e+02    1.51733e+02    1.61028e+02    1.68832e+02    1.76080e+02    1.83339e+02    1.90498e+02    1.96322e+02    2.01879e+02    2.08575e+02    2.13251e+02    2.16301e+02    2.18407e+02    2.19036e+02    2.19553e+02    2.21026e+02    2.22431e+02    2.23952e+02    2.25628e+02    2.27886e+02    2.29933e+02    2.31340e+02    2.32485e+02    2.33706e+02    2.34589e+02    2.35282e+02    2.35438e+02    2.34840e+02    2.33986e+02    2.32965e+02    2.30794e+02    2.30510e+02    2.31051e+02    2.28944e+02    2.19225e+02    2.04551e+02    2.08988e+02    2.01368e+02
-014 ||    1.41168e+02    1.40939e+02    1.41682e+02    1.42345e+02    1.43133e+02    1.44220e+02    1.44979e+02    1.45483e+02    1.46064e+02    1.47284e+02    1.48933e+02    1.52968e+02    1.64000e+02    1.71988e+02    1.79668e+02    1.88140e+02    1.96486e+02    2.02584e+02    2.06241e+02    2.10828e+02    2.15680e+02    2.19283e+02    2.20507e+02    2.20449e+02    2.20902e+02    2.22627e+02    2.24548e+02    2.25963e+02    2.27402e+02    2.29615e+02    2.31891e+02    2.33172e+02    2.33530e+02    2.34154e+02    2.35421e+02    2.36624e+02    2.36996e+02    2.36220e+02    2.34973e+02    2.33805e+02    2.31490e+02    2.30532e+02    2.30292e+02    2.28483e+02    2.16690e+02    1.98900e+02    2.07585e+02    2.01368e+02
-008 ||    1.41168e+02    1.40898e+02    1.41726e+02    1.42386e+02    1.43187e+02    1.44309e+02    1.45123e+02    1.45749e+02    1.46468e+02    1.47309e+02    1.48849e+02    1.54422e+02    1.67391e+02    1.75265e+02    1.83535e+02    1.92476e+02    2.00952e+02    2.07059e+02    2.11134e+02    2.15349e+02    2.17990e+02    2.19786e+02    2.22047e+02    2.23271e+02    2.23637e+02    2.24559e+02    2.26166e+02    2.27673e+02    2.29581e+02    2.32020e+02    2.33811e+02    2.34809e+02    2.34781e+02    2.34782e+02    2.36081e+02    2.37636e+02    2.38181e+02    2.37295e+02    2.35658e+02    2.34335e+02    2.32408e+02    2.31268e+02    2.29825e+02    2.28146e+02    2.14324e+02    1.95147e+02    2.06234e+02    2.01368e+02
-002 ||    1.41168e+02    1.40896e+02    1.41800e+02    1.42441e+02    1.43226e+02    1.44379e+02    1.45191e+02    1.45810e+02    1.46634e+02    1.47369e+02    1.48887e+02    1.56241e+02    1.70260e+02    1.78205e+02    1.86915e+02    1.96704e+02    2.04651e+02    2.09739e+02    2.14065e+02    2.18354e+02    2.20980e+02    2.22479e+02    2.24200e+02    2.24968e+02    2.25168e+02    2.26201e+02    2.27738e+02    2.29669e+02    2.32218e+02    2.34258e+02    2.35663e+02    2.36295e+02    2.36387e+02    2.36315e+02    2.36868e+02    2.38191e+02    2.38852e+02    2.37710e+02    2.35861e+02    2.34489e+02    2.33246e+02    2.32226e+02    2.29485e+02    2.28035e+02    2.13672e+02    1.96720e+02    2.05657e+02    2.01368e+02
+002 ||    1.41168e+02    1.40884e+02    1.41904e+02    1.42491e+02    1.43232e+02    1.44400e+02    1.45275e+02    1.45863e+02    1.46921e+02    1.47601e+02    1.49403e+02    1.58465e+02    1.72588e+02    1.80958e+02    1.89524e+02    1.99548e+02    2.07593e+02    2.11682e+02    2.14477e+02    2.18602e+02    2.22422e+02    2.24432e+02    2.25581e+02    2.26096e+02    2.26009e+02    2.27020e+02    2.29272e+02    2.31801e+02    2.34033e+02    2.36011e+02    2.37491e+02    2.37916e+02    2.37909e+02    2.37795e+02    2.37680e+02    2.38495e+02    2.39041e+02    2.37908e+02    2.36398e+02    2.35153e+02    2.34285e+02    2.33098e+02    2.29877e+02    2.27896e+02    2.13654e+02    1.98442e+02    2.03561e+02    2.01368e+02
+008 ||    1.41168e+02    1.40944e+02    1.41856e+02    1.42384e+02    1.43260e+02    1.44408e+02    1.45346e+02    1.45918e+02    1.47027e+02    1.47821e+02    1.50469e+02    1.62049e+02    1.75331e+02    1.84980e+02    1.93889e+02    2.02750e+02    2.09476e+02    2.12881e+02    2.15315e+02    2.19202e+02    2.23109e+02    2.25401e+02    2.26523e+02    2.27191e+02    2.27359e+02    2.28325e+02    2.30604e+02    2.33229e+02    2.34971e+02    2.37362e+02    2.38806e+02    2.38936e+02    2.38776e+02    2.38923e+02    2.38687e+02    2.38985e+02    2.39074e+02    2.38320e+02    2.37494e+02    2.36693e+02    2.35747e+02    2.34216e+02    2.31103e+02    2.28326e+02    2.13659e+02    1.96401e+02    2.00043e+02    2.01368e+02
+014 ||    1.41168e+02    1.41082e+02    1.41789e+02    1.42449e+02    1.43311e+02    1.44424e+02    1.45334e+02    1.45868e+02    1.46985e+02    1.47900e+02    1.51460e+02    1.65693e+02    1.78332e+02    1.88433e+02    1.97264e+02    2.05512e+02    2.11284e+02    2.14116e+02    2.16646e+02    2.20030e+02    2.23123e+02    2.25459e+02    2.27280e+02    2.28355e+02    2.29050e+02    2.30188e+02    2.32034e+02    2.34466e+02    2.36416e+02    2.37799e+02    2.38815e+02    2.39052e+02    2.39191e+02    2.39722e+02    2.39844e+02    2.39763e+02    2.39505e+02    2.39280e+02    2.39607e+02    2.38903e+02    2.37272e+02    2.35467e+02    2.32522e+02    2.28907e+02    2.14477e+02    1.94086e+02    1.96762e+02    2.01368e+02
+020 ||    1.41168e+02    1.41145e+02    1.41916e+02    1.42703e+02    1.43402e+02    1.44407e+02    1.45196e+02    1.45779e+02    1.47035e+02    1.47874e+02    1.52016e+02    1.67785e+02    1.79746e+02    1.89529e+02    1.98870e+02    2.06803e+02    2.11854e+02    2.14592e+02    2.17261e+02    2.20060e+02    2.22603e+02    2.24685e+02    2.26757e+02    2.28818e+02    2.30340e+02    2.31536e+02    2.33457e+02    2.35456e+02    2.36980e+02    2.37814e+02    2.38582e+02    2.39608e+02    2.39828e+02    2.40146e+02    2.40605e+02    2.40378e+02    2.40165e+02    2.40500e+02    2.41370e+02    2.40551e+02    2.38542e+02    2.36550e+02    2.33787e+02    2.29687e+02    2.17167e+02    1.93565e+02    1.93005e+02    2.01368e+02
+025 ||    1.41168e+02    1.41235e+02    1.42023e+02    1.42603e+02    1.43438e+02    1.44371e+02    1.44964e+02    1.45606e+02    1.46947e+02    1.47868e+02    1.52153e+02    1.68695e+02    1.81398e+02    1.91976e+02    2.01446e+02    2.08111e+02    2.12050e+02    2.15363e+02    2.18180e+02    2.20206e+02    2.22531e+02    2.24644e+02    2.26506e+02    2.28967e+02    2.31030e+02    2.32249e+02    2.33800e+02    2.35583e+02    2.37435e+02    2.38383e+02    2.39496e+02    2.40374e+02    2.40264e+02    2.39951e+02    2.40489e+02    2.40966e+02    2.41274e+02    2.41644e+02    2.42496e+02    2.42067e+02    2.39633e+02    2.37620e+02    2.35174e+02    2.30434e+02    2.20355e+02    1.94097e+02    1.89488e+02    2.01368e+02
+031 ||    1.41168e+02    1.41360e+02    1.42081e+02    1.42386e+02    1.43382e+02    1.44102e+02    1.44961e+02    1.45366e+02    1.46731e+02    1.48336e+02    1.52194e+02    1.67271e+02    1.80585e+02    1.93146e+02    2.02987e+02    2.09722e+02    2.13442e+02    2.16521e+02    2.18739e+02    2.20433e+02    2.22712e+02    2.24860e+02    2.26876e+02    2.29342e+02    2.31521e+02    2.33025e+02    2.34764e+02    2.36583e+02    2.37519e+02    2.38550e+02    2.40188e+02    2.40727e+02    2.40547e+02    2.39947e+02    2.40193e+02    2.41523e+02    2.41918e+02    2.42466e+02    2.43270e+02    2.42541e+02    2.40425e+02    2.38495e+02    2.36428e+02    2.31233e+02    2.23536e+02    1.95953e+02    1.89369e+02    2.01368e+02
+037 ||    1.41168e+02    1.41437e+02    1.42036e+02    1.42240e+02    1.43252e+02    1.43903e+02    1.44892e+02    1.45244e+02    1.46773e+02    1.48833e+02    1.52614e+02    1.65526e+02    1.78238e+02    1.91402e+02    2.03006e+02    2.11070e+02    2.15215e+02    2.18100e+02    2.19709e+02    2.21190e+02    2.23102e+02    2.25283e+02    2.27075e+02    2.29348e+02    2.31341e+02    2.33032e+02    2.34908e+02    2.36543e+02    2.37464e+02    2.38604e+02    2.40713e+02    2.41702e+02    2.41454e+02    2.40728e+02    2.40930e+02    2.41456e+02    2.42306e+02    2.43353e+02    2.43799e+02    2.43125e+02    2.40990e+02    2.39081e+02    2.37227e+02    2.32200e+02    2.25438e+02    2.01809e+02    1.89800e+02    2.01368e+02
+042 ||    1.41168e+02    1.41456e+02    1.41957e+02    1.42196e+02    1.43058e+02    1.43795e+02    1.44594e+02    1.45243e+02    1.46859e+02    1.48921e+02    1.53251e+02    1.65509e+02    1.75841e+02    1.85933e+02    1.96202e+02    2.06942e+02    2.13783e+02    2.17934e+02    2.19801e+02    2.21309e+02    2.22862e+02    2.24859e+02    2.27047e+02    2.28813e+02    2.30606e+02    2.32516e+02    2.34769e+02    2.36540e+02    2.37862e+02    2.38961e+02    2.40648e+02    2.42055e+02    2.42171e+02    2.40884e+02    2.41284e+02    2.41508e+02    2.42596e+02    2.43398e+02    2.44131e+02    2.43403e+02    2.41330e+02    2.39561e+02    2.37544e+02    2.32830e+02    2.26150e+02    2.07825e+02    1.92013e+02    2.01368e+02
+048 ||    1.41168e+02    1.41463e+02    1.42081e+02    1.42295e+02    1.42859e+02    1.43653e+02    1.44405e+02    1.45122e+02    1.46222e+02    1.48586e+02    1.52996e+02    1.62979e+02    1.71155e+02    1.75980e+02    1.83722e+02    1.95687e+02    2.06583e+02    2.13147e+02    2.16764e+02    2.19673e+02    2.21806e+02    2.24522e+02    2.26886e+02    2.28781e+02    2.30894e+02    2.32811e+02    2.34907e+02    2.36524e+02    2.38427e+02    2.39266e+02    2.39794e+02    2.41252e+02    2.42145e+02    2.40398e+02    2.40508e+02    2.41434e+02    2.42701e+02    2.43580e+02    2.44361e+02    2.43702e+02    2.41622e+02    2.39977e+02    2.38074e+02    2.33194e+02    2.26345e+02    2.11201e+02    1.95242e+02    2.01368e+02
+054 ||    1.41168e+02    1.41484e+02    1.42260e+02    1.42519e+02    1.42815e+02    1.43600e+02    1.44450e+02    1.44908e+02    1.45623e+02    1.48982e+02    1.52471e+02    1.57381e+02    1.65542e+02    1.71876e+02    1.78018e+02    1.85522e+02    1.96360e+02    2.05242e+02    2.10319e+02    2.15549e+02    2.19961e+02    2.23872e+02    2.27448e+02    2.30050e+02    2.31621e+02    2.32506e+02    2.34519e+02    2.36877e+02    2.38751e+02    2.39585e+02    2.39708e+02    2.40512e+02    2.40744e+02    2.40307e+02    2.40943e+02    2.42084e+02    2.43193e+02    2.43998e+02    2.44644e+02    2.43634e+02    2.42026e+02    2.40516e+02    2.38379e+02    2.33371e+02    2.26596e+02    2.11979e+02    1.98219e+02    2.01368e+02
+060 ||    1.41168e+02    1.41549e+02    1.42488e+02    1.42850e+02    1.42893e+02    1.43591e+02    1.44411e+02    1.44771e+02    1.45565e+02    1.49868e+02    1.52947e+02    1.54740e+02    1.62849e+02    1.71842e+02    1.79000e+02    1.83837e+02    1.90020e+02    1.97668e+02    2.03963e+02    2.10288e+02    2.17240e+02    2.22546e+02    2.27432e+02    2.31618e+02    2.33319e+02    2.33848e+02    2.35463e+02    2.37709e+02    2.39629e+02    2.41007e+02    2.40569e+02    2.40460e+02    2.40702e+02    2.41166e+02    2.42289e+02    2.43467e+02    2.43805e+02    2.44409e+02    2.44812e+02    2.43830e+02    2.42526e+02    2.41287e+02    2.38697e+02    2.33709e+02    2.25836e+02    2.12344e+02    1.99938e+02    2.01368e+02
+065 ||    1.41168e+02    1.41603e+02    1.42624e+02    1.43002e+02    1.42964e+02    1.43680e+02    1.44476e+02    1.45004e+02    1.46225e+02    1.50595e+02    1.53057e+02    1.54253e+02    1.62069e+02    1.72111e+02    1.80657e+02    1.85441e+02    1.88331e+02    1.92920e+02    2.00361e+02    2.07039e+02    2.14464e+02    2.21077e+02    2.26969e+02    2.32036e+02    2.34741e+02    2.36214e+02    2.37611e+02    2.39997e+02    2.41780e+02    2.42523e+02    2.41568e+02    2.41133e+02    2.41423e+02    2.41790e+02    2.43029e+02    2.43799e+02    2.43997e+02    2.44889e+02    2.45082e+02    2.44165e+02    2.42948e+02    2.41685e+02    2.38955e+02    2.34159e+02    2.26841e+02    2.12528e+02    2.01158e+02    2.01368e+02
+071 ||    1.41168e+02    1.41603e+02    1.42519e+02    1.42978e+02    1.43070e+02    1.43687e+02    1.44728e+02    1.45709e+02    1.47051e+02    1.50507e+02    1.52791e+02    1.54083e+02    1.61764e+02    1.72861e+02    1.81428e+02    1.85831e+02    1.87916e+02    1.91067e+02    1.98549e+02    2.07077e+02    2.14392e+02    2.19504e+02    2.24980e+02    2.30903e+02    2.34989e+02    2.36949e+02    2.38796e+02    2.41375e+02    2.43016e+02    2.42955e+02    2.41523e+02    2.42243e+02    2.42253e+02    2.42275e+02    2.43097e+02    2.43489e+02    2.44035e+02    2.45430e+02    2.45414e+02    2.44413e+02    2.43274e+02    2.41789e+02    2.39022e+02    2.34031e+02    2.28323e+02    2.13439e+02    2.02666e+02    2.01368e+02
+077 ||    1.41168e+02    1.41555e+02    1.42378e+02    1.42885e+02    1.43093e+02    1.43917e+02    1.45031e+02    1.46141e+02    1.47358e+02    1.50004e+02    1.53157e+02    1.54063e+02    1.61181e+02    1.71995e+02    1.79666e+02    1.82561e+02    1.85473e+02    1.91410e+02    1.98365e+02    2.06564e+02    2.14992e+02    2.21327e+02    2.26101e+02    2.30562e+02    2.34243e+02    2.37380e+02    2.39676e+02    2.40338e+02    2.40109e+02    2.39616e+02    2.39695e+02    2.41569e+02    2.41997e+02    2.42251e+02    2.43157e+02    2.43713e+02    2.44788e+02    2.45789e+02    2.45533e+02    2.44713e+02    2.43402e+02    2.41679e+02    2.38910e+02    2.33582e+02    2.28814e+02    2.14269e+02    2.04943e+02    2.01368e+02
+082 ||    1.41168e+02    1.41522e+02    1.42256e+02    1.42843e+02    1.43200e+02    1.44115e+02    1.45134e+02    1.45993e+02    1.47019e+02    1.48983e+02    1.53302e+02    1.55473e+02    1.62622e+02    1.71220e+02    1.77397e+02    1.80034e+02    1.84857e+02    1.91141e+02    1.97628e+02    2.04883e+02    2.13144e+02    2.20502e+02    2.24834e+02    2.23546e+02    2.30695e+02    2.34171e+02    2.36196e+02    2.36985e+02    2.37181e+02    2.37326e+02    2.38529e+02    2.40461e+02    2.41126e+02    2.41807e+02    2.43503e+02    2.44640e+02    2.45530e+02    2.45947e+02    2.45640e+02    2.44821e+02    2.43343e+02    2.41341e+02    2.38381e+02    2.33460e+02    2.29628e+02    2.14821e+02    2.05780e+02    2.01368e+02
+088 ||    1.41168e+02    1.41539e+02    1.42154e+02    1.42933e+02    1.43396e+02    1.44318e+02    1.45104e+02    1.45668e+02    1.46708e+02    1.48027e+02    1.51562e+02    1.56597e+02    1.63294e+02    1.69901e+02    1.75863e+02    1.79705e+02    1.84914e+02    1.90476e+02    1.96717e+02    2.03700e+02    2.10732e+02    2.16845e+02    2.20454e+02    2.22853e+02    2.27081e+02    2.31237e+02    2.32601e+02    2.33261e+02    2.34106e+02    2.35107e+02    2.36445e+02    2.37783e+02    2.38635e+02    2.39785e+02    2.42136e+02    2.44356e+02    2.45552e+02    2.45696e+02    2.45376e+02    2.44482e+02    2.43069e+02    2.40874e+02    2.37488e+02    2.32972e+02    2.29594e+02    2.15234e+02    2.05086e+02    2.01368e+02
+094 ||    1.41168e+02    1.41924e+02    1.42134e+02    1.42973e+02    1.43512e+02    1.44366e+02    1.44802e+02    1.45332e+02    1.45872e+02    1.47210e+02    1.49550e+02    1.53887e+02    1.61826e+02    1.69694e+02    1.75079e+02    1.79773e+02    1.83894e+02    1.88736e+02    1.95564e+02    2.03167e+02    2.09402e+02    2.13708e+02    2.16010e+02    2.17859e+02    2.21769e+02    2.27204e+02    2.30187e+02    2.30722e+02    2.31218e+02    2.32403e+02    2.28503e+02    2.36581e+02    2.38197e+02    2.37635e+02    2.38410e+02    2.41932e+02    2.43857e+02    2.44420e+02    2.44525e+02    2.43666e+02    2.42015e+02    2.39404e+02    2.36037e+02    2.31628e+02    2.30157e+02    2.14934e+02    2.04150e+02    2.01368e+02
+100 ||    1.41168e+02    1.41769e+02    1.41989e+02    1.42909e+02    1.43320e+02    1.44298e+02    1.44736e+02    1.45189e+02    1.45614e+02    1.46614e+02    1.47887e+02    1.50902e+02    1.58762e+02    1.67839e+02    1.73348e+02    1.79019e+02    1.83193e+02    1.88322e+02    1.95581e+02    2.02391e+02    2.06827e+02    2.10070e+02    2.12105e+02    2.14681e+02    2.18624e+02    2.22756e+02    2.25724e+02    2.27377e+02    2.28556e+02    2.29488e+02    2.30432e+02    2.31418e+02    2.32376e+02    2.32486e+02    2.33690e+02    2.37715e+02    2.40503e+02    2.41283e+02    2.41847e+02    2.41515e+02    2.39660e+02    2.37327e+02    2.34119e+02    2.26074e+02    2.29058e+02    2.15039e+02    2.03756e+02    2.01368e+02
+105 ||    1.41168e+02    1.41536e+02    1.41993e+02    1.42932e+02    1.43692e+02    1.44488e+02    1.44943e+02    1.45183e+02    1.45423e+02    1.46115e+02    1.47478e+02    1.50720e+02    1.56839e+02    1.66119e+02    1.72436e+02    1.78735e+02    1.84466e+02    1.89914e+02    1.95794e+02    2.00381e+02    2.01839e+02    2.04232e+02    2.08583e+02    2.13468e+02    2.16777e+02    2.18283e+02    2.20488e+02    2.23659e+02    2.26121e+02    2.27122e+02    2.27598e+02    2.27220e+02    2.27076e+02    2.26976e+02    2.28445e+02    2.32341e+02    2.35881e+02    2.37834e+02    2.38855e+02    2.37746e+02    2.36873e+02    2.34910e+02    2.32185e+02    2.28145e+02    2.28037e+02    2.15384e+02    2.03971e+02    2.01368e+02
+111 ||    1.41168e+02    1.41419e+02    1.42178e+02    1.42973e+02    1.43741e+02    1.44622e+02    1.45067e+02    1.45022e+02    1.45171e+02    1.45739e+02    1.46863e+02    1.49392e+02    1.55944e+02    1.65284e+02    1.72565e+02    1.79029e+02    1.85354e+02    1.90606e+02    1.95078e+02    1.97452e+02    1.98995e+02    2.02473e+02    2.07516e+02    2.10476e+02    2.11789e+02    2.13619e+02    2.18010e+02    2.21406e+02    2.23352e+02    2.24682e+02    2.24952e+02    2.23970e+02    2.23778e+02    2.22846e+02    2.23959e+02    2.27424e+02    2.31263e+02    2.34333e+02    2.36111e+02    2.34897e+02    2.33879e+02    2.31997e+02    2.30034e+02    2.24356e+02    2.25273e+02    2.15603e+02    2.04794e+02    2.01368e+02
+117 ||    1.41168e+02    1.41306e+02    1.42354e+02    1.42972e+02    1.43782e+02    1.44783e+02    1.45320e+02    1.45069e+02    1.45144e+02    1.45898e+02    1.47021e+02    1.49273e+02    1.55779e+02    1.65145e+02    1.72349e+02    1.78529e+02    1.84410e+02    1.89593e+02    1.93760e+02    1.95604e+02    1.97740e+02    2.01536e+02    2.04344e+02    2.05950e+02    2.07272e+02    2.10427e+02    2.15493e+02    2.18444e+02    2.20453e+02    2.22472e+02    2.23146e+02    2.21312e+02    2.19830e+02    2.18127e+02    2.19247e+02    2.22415e+02    2.26572e+02    2.30625e+02    2.33182e+02    2.32263e+02    2.30920e+02    2.28908e+02    2.27609e+02    2.24073e+02    2.20569e+02    2.15445e+02    2.04900e+02    2.01368e+02
+122 ||    1.41168e+02    1.41312e+02    1.42450e+02    1.43106e+02    1.43704e+02    1.44763e+02    1.45460e+02    1.45286e+02    1.45307e+02    1.46136e+02    1.47073e+02    1.49630e+02    1.55107e+02    1.64172e+02    1.71990e+02    1.78103e+02    1.82886e+02    1.87576e+02    1.91370e+02    1.94277e+02    1.97826e+02    2.00261e+02    2.01148e+02    2.03351e+02    2.06797e+02    2.09677e+02    2.12361e+02    2.14654e+02    2.17300e+02    2.13414e+02    2.22064e+02    2.17637e+02    2.15948e+02    2.14635e+02    2.15379e+02    2.18191e+02    2.22719e+02    2.27108e+02    2.29989e+02    2.29349e+02    2.28017e+02    2.25893e+02    2.24887e+02    2.22178e+02    2.21963e+02    2.15377e+02    2.04085e+02    2.01368e+02
+128 ||    1.41168e+02    1.41382e+02    1.42496e+02    1.43066e+02    1.43698e+02    1.45049e+02    1.45541e+02    1.45454e+02    1.45748e+02    1.46362e+02    1.47460e+02    1.49561e+02    1.54150e+02    1.62704e+02    1.70236e+02    1.76357e+02    1.81150e+02    1.86509e+02    1.90500e+02    1.92944e+02    1.96443e+02    1.98917e+02    2.01464e+02    2.04144e+02    2.04801e+02    2.05601e+02    2.08508e+02    2.12021e+02    2.15601e+02    2.19349e+02    2.13618e+02    2.09783e+02    2.15267e+02    2.12368e+02    2.12238e+02    2.14779e+02    2.18749e+02    2.23011e+02    2.26197e+02    2.25229e+02    2.23992e+02    2.22856e+02    2.22115e+02    2.20052e+02    2.19200e+02    2.14975e+02    2.04346e+02    2.01368e+02
+134 ||    1.41168e+02    1.41439e+02    1.42417e+02    1.42945e+02    1.43424e+02    1.45191e+02    1.45563e+02    1.45671e+02    1.46220e+02    1.46189e+02    1.47038e+02    1.49536e+02    1.54061e+02    1.61801e+02    1.70262e+02    1.76803e+02    1.81334e+02    1.86214e+02    1.89873e+02    1.91536e+02    1.92806e+02    1.95878e+02    2.00696e+02    2.02912e+02    2.03621e+02    2.06060e+02    2.08125e+02    2.09057e+02    2.10444e+02    2.12656e+02    2.13623e+02    2.13948e+02    2.12526e+02    2.08350e+02    2.08568e+02    2.11392e+02    2.14590e+02    2.18929e+02    2.22229e+02    2.21526e+02    2.21282e+02    2.20377e+02    2.19546e+02    2.18861e+02    2.21259e+02    2.14791e+02    2.06527e+02    2.01368e+02
+140 ||    1.41168e+02    1.41482e+02    1.42299e+02    1.43021e+02    1.43495e+02    1.45006e+02    1.45655e+02    1.45608e+02    1.46291e+02    1.46396e+02    1.47126e+02    1.49428e+02    1.53876e+02    1.60913e+02    1.68591e+02    1.75102e+02    1.81636e+02    1.85283e+02    1.87261e+02    1.89201e+02    1.90761e+02    1.93878e+02    1.97311e+02    1.98552e+02    2.01003e+02    2.05053e+02    2.07048e+02    2.05188e+02    1.98835e+02    1.95291e+02    1.96272e+02    2.00041e+02    2.05121e+02    2.03302e+02    2.03290e+02    2.06884e+02    2.09810e+02    2.14368e+02    2.18281e+02    2.18514e+02    2.18522e+02    2.17738e+02    2.17081e+02    2.17788e+02    2.18366e+02    2.14380e+02    2.07453e+02    2.01368e+02
+145 ||    1.41168e+02    1.41490e+02    1.42107e+02    1.42947e+02    1.43546e+02    1.45077e+02    1.45591e+02    1.45584e+02    1.46011e+02    1.46252e+02    1.47086e+02    1.48919e+02    1.53137e+02    1.62739e+02    1.69067e+02    1.75130e+02    1.80686e+02    1.84402e+02    1.85475e+02    1.86097e+02    1.88685e+02    1.91832e+02    1.91520e+02    1.91597e+02    1.94288e+02    1.99916e+02    2.04407e+02    2.01135e+02    1.94030e+02    1.89881e+02    1.89510e+02    1.92785e+02    2.01047e+02    1.98934e+02    1.99622e+02    2.03711e+02    2.07874e+02    2.12637e+02    2.16165e+02    2.15732e+02    2.14998e+02    2.14799e+02    2.14574e+02    2.16875e+02    2.19461e+02    2.13449e+02    2.07728e+02    2.01368e+02
+151 ||    1.41168e+02    1.41499e+02    1.41931e+02    1.42844e+02    1.43551e+02    1.44947e+02    1.45484e+02    1.45347e+02    1.45421e+02    1.45736e+02    1.46677e+02    1.48415e+02    1.52736e+02    1.61616e+02    1.68140e+02    1.73916e+02    1.79479e+02    1.83700e+02    1.85182e+02    1.85047e+02    1.88087e+02    1.92846e+02    1.91242e+02    1.87030e+02    1.86419e+02    1.93232e+02    2.02263e+02    2.03713e+02    2.01460e+02    1.99390e+02    1.98211e+02    1.98102e+02    2.00285e+02    1.97876e+02    1.97638e+02    2.02005e+02    2.07647e+02    2.11556e+02    2.14335e+02    2.12886e+02    2.11887e+02    2.12357e+02    2.12493e+02    2.16325e+02    2.16708e+02    2.13339e+02    2.08905e+02    2.01368e+02
+157 ||    1.41168e+02    1.41526e+02    1.41912e+02    1.42721e+02    1.43634e+02    1.44826e+02    1.45344e+02    1.45579e+02    1.45311e+02    1.45804e+02    1.46691e+02    1.48960e+02    1.54534e+02    1.61897e+02    1.67745e+02    1.73042e+02    1.77790e+02    1.80703e+02    1.82796e+02    1.85415e+02    1.88865e+02    1.90520e+02    1.86141e+02    1.81800e+02    1.82247e+02    1.87538e+02    1.98181e+02    2.05375e+02    2.05828e+02    2.04608e+02    2.03033e+02    2.01429e+02    1.99195e+02    1.97730e+02    1.98429e+02    2.00839e+02    2.06465e+02    2.10313e+02    2.12818e+02    2.11768e+02    2.10056e+02    2.10459e+02    2.10564e+02    2.15396e+02    2.17990e+02    2.12147e+02    2.08376e+02    2.01368e+02
+162 ||    1.41168e+02    1.41531e+02    1.41929e+02    1.42690e+02    1.43707e+02    1.44988e+02    1.45418e+02    1.45649e+02    1.45411e+02    1.45597e+02    1.46570e+02    1.49321e+02    1.54997e+02    1.61332e+02    1.67596e+02    1.72614e+02    1.75409e+02    1.78339e+02    1.82098e+02    1.84585e+02    1.85249e+02    1.83261e+02    1.79792e+02    1.78251e+02    1.79912e+02    1.83221e+02    1.91882e+02    2.01717e+02    2.05455e+02    2.05001e+02    2.02842e+02    1.99205e+02    1.96317e+02    1.95278e+02    1.96130e+02    1.99631e+02    2.05352e+02    2.09411e+02    2.12113e+02    2.11492e+02    2.09219e+02    2.08807e+02    2.11173e+02    2.14139e+02    2.15203e+02    2.11681e+02    2.07207e+02    2.01368e+02
+168 ||    1.41168e+02    1.41517e+02    1.41868e+02    1.42607e+02    1.43689e+02    1.44830e+02    1.45272e+02    1.45580e+02    1.45392e+02    1.45649e+02    1.47101e+02    1.50278e+02    1.54632e+02    1.60398e+02    1.65916e+02    1.71156e+02    1.74530e+02    1.77584e+02    1.80887e+02    1.83050e+02    1.81158e+02    1.74309e+02    1.70449e+02    1.73990e+02    1.77785e+02    1.79796e+02    1.83632e+02    1.92183e+02    1.99345e+02    1.99840e+02    1.92712e+02    1.86544e+02    1.91048e+02    1.97987e+02    1.99608e+02    2.00983e+02    2.04837e+02    2.08189e+02    2.10620e+02    2.10601e+02    2.08066e+02    2.07270e+02    2.07311e+02    2.14100e+02    2.17555e+02    2.11196e+02    2.08118e+02    2.01368e+02
+174 ||    1.41168e+02    1.41508e+02    1.41856e+02    1.42658e+02    1.43680e+02    1.44675e+02    1.45063e+02    1.45419e+02    1.45560e+02    1.45786e+02    1.47113e+02    1.49994e+02    1.54494e+02    1.60202e+02    1.65437e+02    1.70528e+02    1.74156e+02    1.76326e+02    1.79830e+02    1.81801e+02    1.78029e+02    1.74267e+02    1.72937e+02    1.71588e+02    1.73248e+02    1.76936e+02    1.79799e+02    1.81998e+02    1.85262e+02    1.87131e+02    1.83265e+02    1.81070e+02    1.87729e+02    1.97334e+02    2.01414e+02    2.02829e+02    2.05268e+02    2.08191e+02    2.10412e+02    2.09405e+02    2.06789e+02    2.05604e+02    2.05772e+02    2.14197e+02    2.15216e+02    2.10100e+02    2.08333e+02    2.01368e+02
+180 ||    1.41168e+02    1.41459e+02    1.41828e+02    1.42630e+02    1.43681e+02    1.44823e+02    1.45194e+02    1.45299e+02    1.45701e+02    1.46145e+02    1.47265e+02    1.49476e+02    1.53713e+02    1.59924e+02    1.64878e+02    1.68977e+02    1.72526e+02    1.75493e+02    1.77904e+02    1.80746e+02    1.78142e+02    1.69799e+02    1.69723e+02    1.73278e+02    1.72636e+02    1.74231e+02    1.77464e+02    1.78725e+02    1.79332e+02    1.78071e+02    1.76005e+02    1.76003e+02    1.86094e+02    1.97945e+02    2.01168e+02    2.01679e+02    2.03739e+02    2.06841e+02    2.09810e+02    2.08669e+02    2.05260e+02    2.04180e+02    2.04502e+02    2.13154e+02    2.15815e+02    2.09422e+02    2.08697e+02    2.01368e+02
